MAG	ASW11	ASW15	ASW19	ASW20	ASW22	ASW29	ASW2	ASW31	ASW35	ASW37	ASW38	ASW3	ASW45	ASW47	ASW49	ASW50	ASW51	ASW54	ASW56	ASW59	ASW62	ASW64	ASW65	ASW66	ASW67	ASW68	ASW69	ASW74	ASW7
metabat.1	0	0	0	0.7906688	0	0.08435676	0	0.3090992	0	0.99818593	0.037862208	0.14083976	0	0	0	0	0	0	0	0.23221338	0	0	0	0	0	0	0	0	0
metabat.136	0	0.041568432	0	0.16137202	0.95466864	0.52476794	0	0	0	0.42644194	0.031596813	0	0	0.3361916	0.14086476	0	0	0	10.592461	0.26235864	0	0.15273371	0.035430152	0.27036452	0	0.08266403	0.26535353	0.7785191	5.2664957
metabat.64	0	0	0	0	0	0.14171317	0.08677907	0.031958826	0	0.13210902	0.327524	0	0	0	0	0	0	0	0	0	0	0	0	0	0	0	0	0	4.098098
metabat.93	16.991877	0	0	0	0	0	0	0	0	0	0	0	0	0	0	0	0	0	0	0	0	0	0	0	0	0	0	0	0
metabat.84	0	0.14149128	0	0.29732385	0	0	0	0.16187608	0	0.15753359	0.12678982	0	0	2.732763	0	0	0	0	0	0	0	12.789129	0	0	0	0	0.28435034	0	0
metabat.121	0	6.643237	0	0	0	0	0	0	0	0	0	0	0	8.303441	0	0	0	0	0	0.097889505	0	0	0	0	0	0	0	0	0
metabat.72	0	0	0	0	0	0.10555513	0	0	0	0	0	0.39913607	0	0	0	0	0	0	0	0.17105098	0	0	0	0	0.110418215	9.109051	0	0	0
metabat.92	0	0	0	0	0	0	0	0	0	0	0	0	0	0	0.9676843	0	0	11.090585	0	0	0	0	0	0	0	0	0	0	0
metabat.15	0.6658285	0	1.5928845	0	0	0	5.567495	0	0.30645594	0	0	0	0	0	0	1.1539137	0	0	0	0	1.6115524	0	0	0.253229	0	0	2.0844476	9.3766775	0
metabat.38	0	0	0	0	0	2.0805814	0	0	0	0	0	0	0	0	0	0	0	0	0	0	0	0	0	0	0	0	0	0	0
metabat.145	0	0	0.84396344	0	1.1462328	0	0	0	2.4525275	0	0	0	0	0	0	0	0	0	0	0	0	0	0	2.6951623	0	0	0	0	0
metabat.67	0	0	0	0	4.9512053	1.0174882	0.63484937	0	0	0	0	0	0	0	0	0	0	0	0	0	0	0	0	0	0	0	0	0	1.772711
metabat.90	0	0	0	0	0	0	0	0	0	0	0	0	0	0	1.6123894	1.0796813	0	0	0	0	0.6383244	0	0	0	0	0	0	0	0
metabat.135	0	0	0	0	0	0.04093736	0	0	0	0	0	0	0	0	0	0	0	0	0	0	0	0	0	0	0	5.514741	0	0	0
metabat.2	0	0.11925466	0	0.11747634	0.036932282	0.108487144	0	0.11748988	0	0.3050705	0.2747526	0.1505016	0.65760756	0.7226127	0.7949091	0	0.06968461	0	0	0.5097597	0	0.24883878	0.28647107	0.43047273	0	0.08408178	1.494386	3.7844994	0.18328324
metabat.70	0	0.62068933	0	4.032845	0	0	0.24555874	1.6820484	0	1.1660659	0	0	0	0	4.130806	0	0	0.045866422	0	0	0	0	2.1278872	0	0.13347144	0	0	0	2.4282517
metabat.152	0	0	0	0	0	0	0	0	0	0	0	0.60776865	0	2.1632338	0	0	0	0	0	1.5893689	0	0.58797234	1.7243259	0	0	0	3.641322	0	0
metabat.86	0	0.068282105	0	0	0	0.032113608	0	0	0	0.44936424	0	0	0	0.8459476	0	0	0	0	0	0	0	0	0	0	0	0	4.668057	0	0
metabat.134	0	0	0	0.12120743	0	0.030106172	0	0.067031056	0	0.68920463	1.2434696	0	0	0	0	0	0	0	0	0.18871209	0	0	0	0.18276033	0	0	0	0	0
metabat.3	0	0	3.168589	0.20222946	4.026733	3.0355392	0.14176522	0	0	0	0	0.8790783	1.5986537	0	1.5471199	0.32291135	0.075113475	0	0	0.44006133	0.18901904	0.051018786	0.06456257	0	0	0.10552891	0.2502901	1.7781769	36.539818
metabat.91	0	0	0	0	0	0	0	0	0	0.47845608	0	0	0.28036246	0	1.7129204	0	0	0	0	0	0.06660754	0	0.6211228	0	0	0	0	0	0
metabat.144	29.677454	20.039717	5.2604346	25.857185	0.07116477	0.040952794	6.3600645	45.567764	48.65786	18.696384	0.11881326	17.734608	28.737358	0.79891837	1.5455354	35.089462	1.2774452	0.7013308	1.7932355	7.1320696	15.451383	5.173	44.660618	2.7233233	1.703813	0.1956262	7.936423	10.8633175	0
metabat.82	0	0	0	0	2.7370477	0	5.6024904	0	0	0	1.7164856	0	0	0	0	0	0	0.65745723	0	0	0	0.16165109	0	0.113272145	0.23120861	0	0	0	0
metabat.75	0	0	0	0	0	0	0	0	0	0	0.04791123	0	0	0	0	0	0.86332256	0	0	0	0	5.610598	0	0	0	0	0	0	0
metabat.140	0	0	0	0	0	0	0	0	0	0	0	0	0	4.5549364	0	0	0	0	0	0	0	0	0	0	0	0	0	0	0
metabat.62	0	2.296626	0	0	0	0	0	0	0	0	0	0	0	0	0	0	0	0	0	0	0	0	0	0	0	0	0	0	0
metabat.95	0	0	0	0	0	0	0	0	0	0	0	0	0	0.07412589	0	0	0	0	0	0	0	0	0	0	0	0	3.123821	0	0
metabat.7	0	0	2.3219843	0	0	1.5005556	1.7467861	0	0	0.48479885	0	1.8347805	0.3098077	0	1.0172024	0	0.033069674	3.586683	0	1.7548181	0	0	0	8.808614	6.6281137	10.026681	0.1883266	2.9688475	0.78765243
metabat.6	0	0	0	0	0	0	0	0	0	0	0	0	0	0	0	0	0	0	0	0	0	0	0	0	0	1.5493628	0	0	0
metabat.63	0	0.04892595	0	0	0.039520167	0	0	0	0	0.16808505	0	0	0	0.79655623	0	0	0	0	0	0	0	1.7309616	0	0	0	0	2.707568	0.13045643	0
metabat.141	0	0	0.34887	0	0.9105196	0.25907266	0.22608384	0.34026027	0	0	0.64444983	0	0	0	2.7094681	0	0	0	0	0	0	0.46879378	0.3033285	1.1123872	0	0	0.4477186	1.1826379	0.6372139
metabat.74	0	0	0	0	0	53.89106	0	0	0	0	0	0	0	0	0	0	0	0	0	0	0	0	0	0	0	0	0	0	0
metabat.83	0	0	0	0	0	0	0	0	0	0	0	0	0	0	0	1.345034	0	0	0	0	0.07712624	0	0	0	0	0	0	0	0
metabat.126	0	0	0	0	0	0	0	0	0.77026504	0	0	0	0	0	0	0	0	0	0	0	0	0	0	0	0	0	0	0	0
metabat.76	0	0	0	0	0.34808713	0.71295506	0	0	0.0428812	0.38951775	0.11778816	1.2680491	0.27755135	0.057261433	1.4114606	0	0	0	0	5.7350388	0.0222097	1.8586557	0.36816403	0	1.3259168	0	0.10763821	3.9436688	16.155226
metabat.124	7.2764196	5.269013	3.603082	0	4.298589	0.8885139	5.3333235	11.508467	6.832508	3.582072	1.4649339	4.6992064	0	0	2.1444783	6.4999676	0	4.8676124	0	3.1440554	7.318479	4.4560227	13.126825	0	3.138156	0	4.0105476	9.387608	4.81939
metabat.59	0	0	0	0	0	0	0	0.060384072	0	0.33952317	0	0.8308088	0	0	0.61770934	0	0	0	0	2.8820336	0	0	0	0	0	0.12975542	0	0	0
metabat.133	0	3.2041085	0	0	0	0	0	0	0	0	0	0	0	0	0	0	0	0	0	0	0	0	0.05415958	0	0	0	0	0	0
metabat.143	0	0	0	0.947928	0	0	0	1.0668416	0	0	0.2955722	0	0	0	0	0	0	0	0	0	0	0.27876744	0	0	0.055597067	0	0	0	0.06299716
metabat.96	0.20457745	0.3838013	0	0.09667776	0	0	0	0	0	0.13435252	0	0.1809097	0	0	0	0.15018362	0	0	0	0.14448245	0.2027431	0.77851117	0	0	0.026844438	0	0	0	0
metabat.142	0	0	0	0	0	0	0	0	0	0	0	0	0	0	0	0.6177419	0	0	0	0	0.26561928	0	0	0	0	0	0	0	0
metabat.60	0	1.39362	0	0.20648292	0	0.079031214	0	0.12361944	0	0.48907933	0	0	0	0	0	0	0	0	0	0	0.03392424	0	0.021870393	0	0	0	0	0.08708514	0
metabat.132	0	0	0	0	0	0.02914286	0	0	0	0	0	0	0	0	0	0	0	0	0	0	0	0	0	0	0	0	0	0	1.8835822
metabat.10	0	0	0	0	0	0	0	0	0	0	0	0	0	0	6.6850653	0	0	0.07257375	0	0	0	0	0	0	0	0	0	0	0
metabat.5	0	0	46.767952	0.88560426	0	0	0	0	0	0	0	0	0	0	0	0	0	0	40.23902	0	0	0	0	0	0	0	0	0	0
metabat.58	0	0	0	0	2.80413	0	0	0	0	0	0	0	0	0	0.13777551	0	0	2.2417734	0	0	0	0	0	0	0	0	0	0	0
metabat.125	0	0	0	0.17026949	0	0.038623963	0	0	0	0.3215851	0.05366565	0	0	0.5705154	0	0	0	0	0	0	0	0.64909047	0	0.029200891	0	0	0.17171308	0.025382835	0
metabat.77	0	0	0	0	0	0	0	0	0	0	0	0	0	0	0	0.14341955	0	0	0	0	1.9547964	0	0	0	0.05287662	0.10644236	0	0	0
metabat.80	0	0	0	0	0	0	0	0	0	0.3099684	0	0	0	1.4587594	0	0	0	0	0	0	0	1.0987594	0	0	0	0	0	0	0
metabat.36	0	0	0	0	3.3249345	0	0	0	0	0	0.34951603	2.1821768	0.46513262	0	0	0	0	0	0.86630195	0.9920105	0	1.3935627	0	0	0	0.09606088	0	0	0
metabat.114	0	0.04172308	0	0	0	0	0	0	0	0.15038912	0	0.719793	0	0.045603354	0	0	0	0	0	3.147297	0	0	1.0881763	0	0	0	0	0	0
metabat.69	0.20571019	0	0	0	0	0	0	0	1.1273671	0	0.16438639	0	0.2906601	0	0	0	0	0	0	0	0	1.1746451	0	0.4902168	0.05346563	0.1917315	0	0	0
metabat.19	0	0	0	0	0	0	28.25429	0	2.0269098	0	71.48802	0	0	0	0	0	0	0	0	0	0	1.6798881	0	0	51.793137	0	0	0	0
metabat.21	0	0.18540584	0	0.061348185	0	0	0	0	0	0.063683406	0.1169523	0	0	2.1777635	0	0	0	0	0	0	0	13.380232	0	0	0	0	0	0	0
metabat.89	0	0	0	0	0	0	0	0	0	16.257341	0	0	0	0.16278392	0	0	0	0	0	0	0	0	0	0	0	0	0	0	0
metabat.102	0	0	0	0.21860234	0	0	0	0.17694673	0	1.4824327	0	0	0	1.1536404	0	0	0	0	0	0.17947339	0	0.9341874	0	0	0	0	0.15747702	0	0
metabat.68	0	0.12502424	0	0	0	0	0	0	0	0.43468875	0.024180818	0	0	0	0	0	0	0	0	0	0.024526043	3.5915396	0	0	0	0	0	0	0
metabat.115	0	0	0	0.0726909	0	0	0	0	0	0.28215525	0	0	0	0.20984708	0	0	0	0	0	0	0	0.14052893	0	0	0	0	1.9447223	0	0
metabat.45	0	0	0	0	0	0	0	0	0	0	0	0	0	0	0	0	0	0	0	0	0	0	0	0	0	1.5023711	0	0	0
metabat.138	0	16.60455	0	0	0	0	0	0	0	7.245892	0.022635054	0	0.53992283	0	0	0	72.9012	0	0	1.7069243	0	1.6643759	0	0	0	0	0	0	0
metabat.117	0	0	17.303381	3.691153	0	7.549587	0	0	0	0	0	0	0	0	5.149593	0	0	0.075874865	0	0	0	0	0	0	0	0	0	0	0
metabat.22	0	0	0	0	0	5.906988	0	0	0	0	0	0	0	0	0	0	0	0	0	0	0	0	0	0	0	0	0	0	0
metabat.100	0	0	0	3.0625458	22.12152	0	0	0	0	0	0	0	0	0	0	0	0	0	0	0	0	0	0	0	0	0	0	0	0
metabat.53	0	1.2179606	0	0.25393152	0	0.58275133	0	0.13995598	0	0.07092338	0	8.924876	0	0.03747834	0	0	0	0	0	0.7061082	0.1494442	2.5315382	0.19550134	1.2161837	0	1.793957	0.1865454	0	0
metabat.101	0	0	0	0	0.119027466	0	0	0	0	0	0	0	0	0	0	0	0	0	0	0	0	0.7261168	0	0	0	0	2.0188992	0	0
metabat.23	0	0	0	0	0	0	0	0	0	0	0	4.0314555	0	0	0	0.028065357	0	0	0	1.9259377	0.060760368	0	0	0	0	0	0	0	0
metabat.34	0	0	0	0	0	0	0	0	0	0	0	0	0	0	0	0	0	0	0	0	0	0	0	0	0	2.1178834	0	0	0
metabat.139	0	0	0	0	0	1.2714776	0	0	0	0	0	0	0	0	0	0	0	0	0	0	0	0	0	0	0	0	0	0	0
metabat.44	0	0.085736305	0	0	0	0	0	0	0	0.63469195	0	0	0	0.95047796	0.1849181	0	0	0	0	0	0.025672842	0	0	0	0	0	4.46869	0	0
metabat.78	0	0	0	0	0	0.1793435	0	0.038418386	0	0.33177435	0	0	0	0	0.25525358	0	0	0	0	0	0	0	0	0	0	0.018441364	0	0.8171028	0
metabat.57	12.342035	0	0	0	0.18410663	0	0	0	0	0	2.6060627	0	1.6620985	0	0.11125077	5.481073	0.11505217	0.12598245	24.211483	0	10.004388	0.10655971	0.049761765	2.302119	14.9640255	0	1.0684054	25.084814	0.2738908
metabat.98	0	0	0	0.67266184	0	0	0	0	0	0	0	0	0.20696999	0	0	0.7171461	0	0	0.3660168	0	0.45288277	0	0	9.142376	0	0	0	0	0
metabat.31	0	0.36071515	0	0.1698086	0	0.022276029	0	0	0	0.11546218	0	0	0	2.0893564	0	0	0	0	0	0	0.0266356	0	0.026379572	0	0	0.01656346	0.6089758	0	0
metabat.99	0	0.31146395	0	0.4405276	0.07530033	0	0	0	0	0.16190375	0	0.15931469	0	0	0.44080314	0	0	0	0	0.6557357	0.048773758	1.0769253	0.46294498	0.12583275	0	0.027214404	0.7929747	0.13983026	0
metabat.26	0	0	0	0	0.13074797	0.020581784	0	0.10331908	0	0	0	0	0.8340575	0	0	0	0	0	0	0	0	0	0	1.9291648	0	0	0	0	0
metabat.106	0	0	0	0	0	0.7636459	0	0.12003761	0	0	0.02740112	0	0.2824631	0	0.3400397	0	0	0	0	0	0	0.16286218	0	0	0	0	0.0451431	0.75110376	1.2356834
metabat.24	0	0	0	0	0	0	0	0	0	0	0	0	0	0	0.33628258	0	0	57.14699	0	0	0	0	0	0	0	0	0	0	0
metabat.111	0	0	0	0	0	0	0	0	0	0	0	0	0.15690385	0	0	0	0	0	0	0	0	0	0	0	0	24.446611	0	0	0
metabat.43	0	0	0	0	0	0	0	0	0	0	0	0	0	0	0	0	0	2.8679798	0	0	0	0	0	0	0	0	0	0	0
metabat.42	0	0	0	0	0	0	0	0	2.2807229	0	0	0	0	0	0	4.8369994	0	0	0	0	2.5385046	0	0	0	0	0	0	0	0
metabat.8	0	0	0	0.22051632	0.3309047	0.038251426	0	0.038843405	0	0	0	0	0	0.10608486	0	0	0	0	0	0	0	0	0	0.43191975	0	0	0.07118933	0.045273636	0.63596
metabat.32	0	0	0	0	0	0	0	0	0	0	0	0	0	0	0	0.59792686	0	0	0	0	0.07001747	0	0	0	0	0	0	0	0
metabat.25	0	0	0	0	0	0	0	0	0	0	2.178697	0	0	0	0	0	0	5.206632	0	0	0	0.41297156	0	0	0	0	0	0	0
metabat.107	0	0	0	0	0	0.25778264	0	0	0	0	0	0	0	0	0	0	0	0	0	0	0	0	0	0	0	5.5911627	0	0	0
metabat.55	0	0	0	0	0	0	0	0	0.069312245	0	0	1.6756226	3.418595	5.1047683	1.9272414	0	1.6967902	0	0	4.9604225	0	0.2195636	0	0	0	0.057376582	14.1497555	0	0